[10718651782645148906,11681686130405664592,8420055900937736930]
[16069926371047592325]
[2552268424659895630]
[3572129792591076971]
[8287549475972731883]
[1313938166006638823]
[2799326229392433019]
[4222058446541660931]
[8782316627079457848]
[16894640509183508949]
[14259728527412673723]
[15714518632882364484]
[16065207358249095386]
[9508401465925671088]
[8710591111781123513]
[7204038730090535689]
[23554313790177413]
[2043646211726885302]
[8477670312519387027]
[3287943697774532056]
[4194987722216219445]
[2025924989923846599]
[3337245801896573499]
[7685906197795467916]
[3869206827633711224]
[17615564045023846633]
[5969826073742393823]
[33]
[6257230829303269749]
[9979033917689075987,16115290789479341918,2975807542174100674]
[14199691135966566368,14180626704941271694,14318989005965032109]
[3652422065337339195,9016263891357516580,14991674516693504956]
[6009026181184997261,3812224529792559070,9957715376792948527]
[]
[]
[9336015631645227562]
[14140654466947123420]
[15626770018331835392,13124328597396680876,3678738826145035721]
[7717318679311936610,18086076511473901120,14888203790853377021]
[17526887418887291773,15312735055049044672,11510874582954698122]
[16880204939330193175,18150856319426885663,5738743966419017513]
[9866010546711111352,13969590036473175643,4338022553161305098]
[17099902491040691910,11405361985694380886,4768440482646546205]
[11901693096548557548]
[9126561185241406342]
[3669812310334276882]
[12743265066870617917]
[12039145452904543652]
[7412977913940827183]
[2619086438813727414]
[12593827228152416510]
[10808105612361570675]
[2954535890902673158]
[7812087009419707438,14983711177856279867,6644882613500544886]
[135113884411730995,4246235109488427429,1333200449113717193]
[12906566390499279413,7651625338364447537,8647527109253778933]
[18249454207955110185,10596509974562847022,8542877261356009228]
[]
[]
[7704917295079066034]
[4199600831828587776]
[3378961853575314125]
[5123481165027889420]
[11325552155152709248]
[4357109818807843020]
[12082953202699015596]
[16859067185500547995]
[4503599627370480]
[13764974903579437524]
[3540782086367981543]
[9592405924552564042]
[9882611606380881425]
[11849775344898422745]
[15394055371792708045,16121823979151715985,3508427855375239102]
[1815198059173910253,4493031612867735959,12633490822845619836]
[5181353990822576091,15931829170242055723,14040774732533854236]
[8853643502876458825,7650427534492570847,2785981211258880575]
[5917074163493665944]
[3323124278253838125]
[4513350967658172393,15539407551708067858,2489452641254605951]
[4062021490503051958,9561481457239484663,10187036528593370978]
[8761657005482384617]
[17519367398991393004]
[18405031521836800969,11089875852386601991,8333835356348729973]
[4098691396883278319,14863520195970617411,17985848936278389619]
[]
[]
[8880120041700771608]
[4698321523413575716]
[16572959846193909549]
[3101937377657637702]
[17976748394234126166,14485217479175836360,3687580482593270007]
[532792458539515882,8802593217109828426,1997284364816786257]
[6277720392517819752,158234348379539145,13942443484044704294]
[11138314665801040924,15814713124360669183,5462139062516263997]
[15687042147840246201]
[8359506132570428244]
[875935552893799141]
[4540836229288107332]
[17694015633752709910]
[15275711978004070453]
[2606304499070165531,5785271644220952129,13472445362552388825]
[6143317691941989251,10688959460774880489,11854583930119384510]
[14320328086079286218,2342178147041412017,3420609321878133299]
[11375438592857911275,15015538085012258254,12569867744621537615]
[12340208309751151940]
[1697966284362681171]
[17277320541451399717,9366517061243069562,7031699486886930056]
[10983024623196467398,11979026250518933260,3988480570381245079]
[9561026199694599927]
[13116825470253294576]
[7429899056104106093]
[16811904011849052642]
[18308214065349461373]
[16188169120740084954]
[10867707125825810719,17700551730591016208,13020833138469940397]
[9667608488469738901,7157340960171916260,2488723218185206519]
[9696812324855209746]
[16069138852049076632]
[4882063523634228530]
[1354868546140531240]
[5936612020149210857]
[7906638916795892365]
[2004449977701542201,8279004185053560975,5963662437905813627]
[10739833691593619013,11945396807471026440,12649781596175367583]
[18307851449301401963,2742974399215683431,3037565246014323853]
[17356036096936404517,3896875274480376765,14397347924443953936]
[]
[]
[33]
[6257230829303269749]
[]
[]
[8282082684600165593,498493698680443507,2957302130907274879]
[2812071975702841296,9065696822239068804,8924155287734091520]
[2038859264673468694,8397817677188015650,14073438040198422857]
[8581845719485371284,3439169014390930762,6054154043170802709]
verifier weights:
[15591111739134343828,6739574957991046682,8773376531757184427]
[1443391040746457429,10972500179835462275,11850737072188839599]
[12085761982617407515,4499123653421492358,17914339530384833557]
[9378735598699498935,1611894230740850730,184991538954717982]
[8555992001111004134,10284327191240563448,17262569575526865837]
[230817542256019940,105851966981180445,13352201054221070749]
[493500769280890874,17438657696662017731,6739413294856157156]
[1136803774487265943,15521963462992918355,11005645629650399240]
[8949692290299365224,4714299954501938576,2075241314699843938]
[16342966807539251357,9162519146830176870,5143935426362624047]
[5612054837462611307,17319357109795558531,8218515053949883934]
[17282251792715048094,3847517119504433883,13232246152978784057]
[18233248097147198849,16209780573047718602,12522595353547472425]
[111864330477151195,5165586931877525181,16458972361154068624]
[17785393604969731085,8451605572385692669,8670438428288260426]
[14546975398287878773,4992665928605027767,1395743859450894704]
[14650324219725961549,12745338132982092740,12779164208439843604]
[12494010687106176246,18114158857594518378,14481472821053041298]
[2163155063006839883,17775011980845309268,17054015375322802117]
[13685623143408671797,4832756579522872942,7859999506084332304]
[17144359862967183962,12098503718871116366,14054663745543575746]
[12884534686298980809,4728799209064767589,7594211073020386664]
[8059475057621891850,2225056411518365223,3496430703654299627]
[2891288305059381069,16409425834481658787,16798221619788002956]
[523494365615592853,11699059162414623390,11251494634714473419]
[1135919244516817514,17414087481154911101,17911936363227028916]
[3348242908781897920,615605251137567940,7195029199319416688]
[11137036898416976944,2292083624434766807,13804949652625836637]
[10691178396994660760,4339957373339871290,5877004873094053171]
[10120396560281739728,17517270834022686253,6774353366472399096]
[10619016199703382937,11248766609192433760,9007866697420743053]
[1363426708344543632,17231543593164822546,6753578972403542736]
[16499420770855290810,15165888205494152193,5889859855094309780]
[3621990291039956143,3872596743323788921,430936131526272718]
[10046047554883578492,6920916370879921934,15584124798524286128]
[8118969408294004161,2198804771562453930,12952942408311286174]
[18366574549013352614,14372021836413072355,16039450476349853268]
[7857132839815674196,12644702979645150373,9709795577840662798]
[16394817446514024446,16601983276820509840,1362571773962239783]
[5266965741758908301,12734464373158919435,16724247172611691284]
[11306765805997344719,4824535759451483996,15438965338359409760]
[9696012243271797237,5347401459085358498,3238013189321378013]
[8111703828318812323,5929366499807209151,7892804959768458518]
[2013426996912828643,15201085037891366452,16297999239006904003]
[3995000709756284106,7432013237373900651,17705201316927279035]
[84651226992961205,11483961230633917692,17527287313448861347]
[13026053406076001079,9278898469303027658,18358433243233113461]
[17202063708323600674,14836560662371544766,6025436426292133100]
[13057695712001757363,5359617500740179640,10955545453930564771]
[3693562609893475625,16191345050512592026,11460826466308704819]
[6113867811009103545,12908184798934884461,6373201398993373550]
[17075754388813075275,2767153099822442956,15324857787894131760]
[9905709081190176868,15525237360460017594,16059575226840047855]
[5351537590693094884,13697218871689689093,9509151061722943712]
[5181395309437443185,4426480628118586279,15629885031757008681]
[13215307819998503821,1209186719465440123,11722716877422556375]
[16012074294306072393,9155020633237731075,17299543097089126573]
[5551749092127465269,5932889407593143672,8643603516449895421]
[14858911956267422545,17970383717368084728,602694206475512673]
[11316463894729620642,16997390328098123547,1564970215363251786]
[15641902042855845426,12235577880850106529,2041764825779898605]
[5656787824353106444,10477077307051839487,13005222168732758898]
[2292321086334667440,13139576533170235835,7465308917078272475]
[5934926448416658369,2003540495724207287,12556888748718542101]
[12523908851715658103,15311731818637054102,4033320732411036153]
[7135299536228112799,17490145046548118645,14737725944384216426]
[11979584937950109759,17486934268505810899,10774506500245474555]
[16913216935490170635,5604410026490590432,1868744913395367230]
[17064706892790280434,117115522324331596,13070955568868676065]
[3463228909036158400,6753552897810345908,9646578438866594513]
[12760886515868951927,5217992075609587712,12394826827147012861]
[8048561125438508530,15747030978038225874,6020589112532315524]
[12618857070364021709,15520446956486011623,10903350693094000046]
[4259835677682259524,6087760690386094697,16079322679685962799]
[16675266148409719292,2511053682188974861,1593658695440928365]
[633731713550220116,16396120505303486245,3597715155828811864]
[4340272021710322717,8920970919365631769,4922201463213273606]
[17632422437282757972,186111740553571149,7654737322076036411]
[13908775198341905609,13145916997993980974,12772067415208298360]
[10303578121337364533,6872394904848136558,16488099711578620234]
[5173716631687128333,13524639002645122816,5617101677575282235]
[14294498663751992592,4127259444790034158,2858312709376776458]
[8022227391236610092,1104099711334612929,3719896696448082690]
[2636753127455401154,14173919938169132113,14737637744857903811]
[5434019884723366481,4881911521518005601,9695573033010454360]
[8379760071606591072,15785579492035520558,5905668710518162054]
[447982948533425332,590321335868812699,11906040805711563487]
[12850374010838325916,15194247288358142475,16942335224177358749]
[15871655849250649536,13032325895698435158,2500263356216994397]
[9622742121181962473,12372164037079519929,12027807630235243646]
[9285563590727567436,15654478492196963399,12184126255545002606]
[8024085853196869978,17727693407864955613,16068748512053106360]
[13790787353812645941,1643220572308654481,9820909762078213170]
[11836187908406297674,14903718421627973117,12394437863047615265]
[3808793071864065133,4572087999663694837,868682606183016157]
[17134148763385807536,2552046969585150001,11330275981043049168]
[8537263477713712862,6348186290982637313,6277177431930276910]
[6755324236515116053,13466338032978558415,3322093492518181768]
[14763854204506758015,7345021130766078397,13205278175160837245]
[2357047739533419628,16803396035160223577,3831224238290807647]
[1763638934840682535,11603432793586553076,10730150887560417452]
[3019567398393611093,12220377669614171465,11521114829774320751]
[17246519441856873602,3926716575999304477,15262373532908658490]
[1955189324049161813,7009083407232884009,10472843219813984483]
[11576971453707465906,14852128097617071133,5636532226590129501]
[17656386401966123474,6903811844704519706,1036517518442028034]
[11946265509699295434,79654156240814354,13919279759108748581]
[13640144463667791399,2515239202762035846,13724602753777611134]
[16775473918985514322,342369765398421159,10655972519135403368]
[6308013226026633648,13559060441416434963,9397475299060978683]
[7309506231140536126,15406250470302117289,16308341798149790532]
[18190291190452033712,9546510663495415941,16036995014856618005]
[5234576013149553460,5082637456307280724,18214210846207391419]
[15058023093946965685,12384776375172960426,5606124914508829842]
[9356719879842681182,13821865155973952104,7790067676630298813]
[2052745915113134516,4507071337716299458,16186485402992426437]
[11513690717424701986,10003638851198638035,9809499384091857661]
[7390827532102275053,383137620830849654,13674158818862696391]
[1314210244344457781,9655986466625067018,7601977870446133154]
[10762931331358474595,2054571323462358671,446167658189326440]
[6365165325733458979,7808846251454648350,16000353119942846805]
[14665889186996047306,12881231578293911469,13784969811080873266]
[8087979146629072772,12578012815104520515,17158582491819969654]
[1639786310035151507,11727966799941481380,6988863776169739171]
[14315979916940937426,17392286638220004906,9586009855753149884]
[1474001815019658840,16582381532409404895,6814818135356475837]
[2739726105764847181,11061462427174528917,14915062986566653320]
[10492596243771883118,9709959932681274823,18413450356699287231]
[4494960245912021985,14125909979845281195,11657960021516812071]
[3551572976423226552,5252965274953852235,1281510649532653232]
[2229698729335472893,4673792918949384365,11887044482324501436]
[16163350654064136128,9940961360003347836,14755899683435789557]
[16747867911219945482,4926619598159990020,13706925203972945681]
[13305054942794704066,11064470651901371183,8941447723952452673]
[12164089833206111851,2219809356797801299,9302892149208347451]
[426856072291647460,9319743393999261627,2641579352579561559]
[14708537234445373752,16817434323582477483,3291181487908952927]